7 9 2 | 5 6 8 | 1 4 3  = 0,45
4 5 3 | 2 1 9 | 8 6 7  = 0,45
8 6 1 | 3 7 4 | 9 5 2  = 0,45
---------------------
6 2 5 | 8 9 3 | 7 1 4  = 0,45
3 7 9 | 1 4 2 | 6 8 5  = 0,45
1 4 8 | 7 5 6 | 2 3 9  = 0,45
---------------------
2 8 4 | 9 3 1 | 5 7 6  = 0,45
9 3 7 | 6 8 5 | 4 2 1  = 0,45
5 1 6 | 4 2 7 | 3 9 8  = 0,45

0 0 0 0 0 0 0 0 0 
45 45 45 45 45 45 45 45 45 


7 9 2  5 6 0  0 4 3  
4 5 3  0 0 0  0 6 0  
8 6 1  3 0 4  0 5 2  

6 0 5  0 0 3  0 1 4  
3 0 9  1 4 0  6 0 5  
1 4 0  0 5 6  2 3 9  

2 0 4  0 3 0  5 0 6  
9 3 0  6 0 5  4 2 1  
5 0 6  4 0 0  3 0 0  
